24
0 4699 8260 3629 2309 3942 1859 6700 1037 7537 1655 7520 3004 8740 6124 5398 9026 2004 4377 2829 3615 5062 4207 2671
4699 0 4401 7914 6594 8227 6144 2841 5322 3678 4172 3661 2541 4881 2265 1539 5167 4297 8662 3468 1870 9347 2116 6956
8260 4401 0 11475 10155 11788 9705 3180 8883 1407 7733 2582 6102 1108 3546 4816 1394 7858 12223 7029 5431 12908 5677 10517
3629 7914 11475 0 2280 863 1966 9915 3054 10752 4870 10735 6219 11955 9339 8613 12241 5219 1298 6044 6830 1983 7422 1266
2309 6594 10155 2280 0 2593 646 8595 1734 9432 3550 9415 4899 10635 8019 7293 10921 3899 3028 4724 5510 3713 6102 1322
3942 8227 11788 863 2593 0 2279 10228 3367 11065 5183 11048 6532 12268 9652 8926 12554 5532 1245 6357 7143 1930 7735 1579
1859 6144 9705 1966 646 2279 0 8145 1284 8982 3100 8965 4449 10185 7569 6843 10471 3449 2714 4274 5060 3399 5652 1008
6700 2841 3180 9915 8595 10228 8145 0 7323 2457 6173 2440 4542 3660 1986 3256 3946 6298 10663 5469 3871 11348 4117 8957
1037 5322 8883 3054 1734 3367 1284 7323 0 8160 2278 8143 3627 9363 6747 6021 9649 2627 3802 3452 4238 4487 4830 2096
7537 3678 1407 10752 9432 11065 8982 2457 8160 0 7010 1859 5379 1887 2823 4093 2173 7135 11500 6306 4708 12185 4954 9794
1655 4172 7733 4870 3550 5183 3100 6173 2278 7010 0 6993 2477 8213 5597 4871 8499 1477 5618 2302 3088 6303 3680 3912
7520 3661 2582 10735 9415 11048 8965 2440 8143 1859 6993 0 5362 3062 2806 4076 3348 7118 11483 6289 4691 12168 4937 9777
3004 2541 6102 6219 4899 6532 4449 4542 3627 5379 2477 5362 0 6582 3966 3240 6868 2602 6967 1773 1457 7652 2049 5261
8740 4881 1108 11955 10635 12268 10185 3660 9363 1887 8213 3062 6582 0 4026 5296 998 8338 12703 7509 5911 13388 6157 10997
6124 2265 3546 9339 8019 9652 7569 1986 6747 2823 5597 2806 3966 4026 0 2680 4312 5722 10087 4893 3295 10772 3541 8381
5398 1539 4816 8613 7293 8926 6843 3256 6021 4093 4871 4076 3240 5296 2680 0 5582 4996 9361 4167 2569 10046 2815 7655
9026 5167 1394 12241 10921 12554 10471 3946 9649 2173 8499 3348 6868 998 4312 5582 0 8624 12989 7795 6197 13674 6443 11283
2004 4297 7858 5219 3899 5532 3449 6298 2627 7135 1477 7118 2602 8338 5722 4996 8624 0 5967 2427 3213 6652 3805 4261
4377 8662 12223 1298 3028 1245 2714 10663 3802 11500 5618 11483 6967 12703 10087 9361 12989 5967 0 6792 7578 847 8170 2014
2829 3468 7029 6044 4724 6357 4274 5469 3452 6306 2302 6289 1773 7509 4893 4167 7795 2427 6792 0 2384 7477 2976 5086
3615 1870 5431 6830 5510 7143 5060 3871 4238 4708 3088 4691 1457 5911 3295 2569 6197 3213 7578 2384 0 8263 1378 5872
5062 9347 12908 1983 3713 1930 3399 11348 4487 12185 6303 12168 7652 13388 10772 10046 13674 6652 847 7477 8263 0 8855 2699
4207 2116 5677 7422 6102 7735 5652 4117 4830 4954 3680 4937 2049 6157 3541 2815 6443 3805 8170 2976 1378 8855 0 6464
2671 6956 10517 1266 1322 1579 1008 8957 2096 9794 3912 9777 5261 10997 8381 7655 11283 4261 2014 5086 5872 2699 6464 0
