21
0 775 819 872 587 593 535 774 827 773 619 877 803 833 860 489 811 749 446 671 680
775 0 509 754 461 557 662 776 846 549 522 718 813 626 580 736 543 476 769 732 795
819 509 0 716 698 607 766 727 572 682 504 844 850 493 738 832 713 786 668 500 447
872 754 716 0 842 462 529 550 650 851 481 793 820 794 537 637 663 513 870 621 546
587 461 698 842 0 816 798 818 664 525 761 777 805 863 751 859 458 855 667 618 445
593 557 607 462 816 0 474 479 755 564 710 747 553 867 839 815 683 707 765 881 810
535 662 766 529 798 474 0 708 451 756 845 788 613 521 599 466 686 799 505 806 744
774 776 727 550 818 479 708 0 554 715 577 837 828 654 604 745 468 848 457 444 566
827 846 572 650 664 755 451 554 0 733 544 709 516 575 583 582 670 464 792 764 480
773 549 682 851 525 564 756 715 733 0 515 669 647 730 784 651 471 610 660 552 768
619 522 504 481 761 710 845 577 544 515 0 594 639 703 673 611 752 672 824 589 636
877 718 844 793 777 747 788 837 709 669 594 0 735 541 750 456 712 800 869 772 640
803 813 850 820 805 553 613 828 516 647 639 735 0 507 705 821 609 653 748 528 644
833 626 493 794 863 867 521 654 575 730 703 541 507 0 490 659 689 512 866 488 746
860 580 738 537 751 839 599 604 583 784 673 750 705 490 0 796 840 494 584 858 691
489 736 832 637 859 815 466 745 582 651 611 456 821 659 796 0 702 725 514 454 726
811 543 713 663 458 683 686 468 670 471 752 712 609 689 840 702 0 579 767 861 645
749 476 786 513 855 707 799 848 464 610 672 800 653 512 494 725 579 0 501 620 781
446 769 668 870 667 765 505 457 792 660 824 869 748 866 584 514 767 501 0 565 740
671 732 500 621 618 881 806 444 764 552 589 772 528 488 858 454 861 620 565 0 642
680 795 447 546 445 810 744 566 480 768 636 640 644 746 691 726 645 781 740 642 0
