20
0.00 1.39 0.96 0.58 1.05 0.36 0.43 0.61 0.73 0.53 1.63 1.76 0.82 0.80 0.91 1.17 0.59 1.11 1.31 1.56
1.39 0.00 1.12 0.93 0.84 1.11 1.25 0.85 0.69 1.33 0.85 0.90 1.09 1.08 0.67 1.11 1.02 1.15 0.22 0.43
0.96 1.12 0.00 0.98 1.85 1.19 0.46 1.42 1.39 0.97 0.89 1.04 0.59 0.71 0.46 1.13 0.48 1.01 1.31 0.79
0.58 0.93 0.98 0.00 0.82 0.54 1.08 1.15 0.76 0.72 1.53 1.32 0.51 0.76 0.88 0.96 0.88 1.31 0.77 1.02
1.05 0.84 1.85 0.82 0.00 0.86 1.37 0.94 0.84 0.86 0.94 0.78 1.30 0.92 1.40 0.65 1.58 1.06 0.69 0.97
0.36 1.11 1.19 0.54 0.86 0.00 0.80 0.58 0.89 0.36 1.49 1.37 0.57 0.95 0.82 1.00 0.85 1.58 1.08 1.18
0.43 1.25 0.46 1.08 1.37 0.80 0.00 1.07 1.20 0.72 1.06 1.22 0.82 0.68 0.56 0.81 0.55 0.99 1.54 0.96
0.61 0.85 1.42 1.15 0.94 0.58 1.07 0.00 0.38 1.06 1.18 1.45 1.43 1.42 1.26 1.54 0.98 1.22 0.92 1.55
0.73 0.69 1.39 0.76 0.84 0.89 1.20 0.38 0.00 1.47 1.36 1.31 1.24 1.66 1.17 1.14 0.82 1.15 0.71 1.24
0.53 1.33 0.97 0.72 0.86 0.36 0.72 1.06 1.47 0.00 1.21 1.30 0.54 0.37 0.66 1.02 0.81 1.43 1.05 1.12
1.63 0.85 0.89 1.53 0.94 1.49 1.06 1.18 1.36 1.21 0.00 0.23 1.50 0.91 1.21 0.95 1.52 1.08 1.14 0.73
1.76 0.90 1.04 1.32 0.78 1.37 1.22 1.45 1.31 1.30 0.23 0.00 1.14 1.18 1.17 0.43 1.54 1.14 1.15 0.43
0.82 1.09 0.59 0.51 1.30 0.57 0.82 1.43 1.24 0.54 1.50 1.14 0.00 0.87 0.28 0.67 0.40 1.39 0.92 0.58
0.80 1.08 0.71 0.76 0.92 0.95 0.68 1.42 1.66 0.37 0.91 1.18 0.87 0.00 0.80 1.14 1.08 0.87 0.99 0.99
0.91 0.67 0.46 0.88 1.40 0.82 0.56 1.26 1.17 0.66 1.21 1.17 0.28 0.80 0.00 0.85 0.22 1.36 0.69 0.39
1.17 1.11 1.13 0.96 0.65 1.00 0.81 1.54 1.14 1.02 0.95 0.43 0.67 1.14 0.85 0.00 1.07 1.07 1.20 0.41
0.59 1.02 0.48 0.88 1.58 0.85 0.55 0.98 0.82 0.81 1.52 1.54 0.40 1.08 0.22 1.07 0.00 1.20 0.88 0.89
1.11 1.15 1.01 1.31 1.06 1.58 0.99 1.22 1.15 1.43 1.08 1.14 1.39 0.87 1.36 1.07 1.20 0.00 1.15 1.21
1.31 0.22 1.31 0.77 0.69 1.08 1.54 0.92 0.71 1.05 1.14 1.15 0.92 0.99 0.69 1.20 0.88 1.15 0.00 0.64
1.56 0.43 0.79 1.02 0.97 1.18 0.96 1.55 1.24 1.12 0.73 0.43 0.58 0.99 0.39 0.41 0.89 1.21 0.64 0.00
