0 239 45 78 225 43 83 148 272 187 159 94 63 67 39 272 170 60 257 125 56 255 275 204 109 76 142 197 111 38 228 69
239 0 204 287 44 226 174 111 47 78 100 161 272 194 248 47 81 199 32 132 265 30 50 47 148 285 123 70 138 247 23 182
45 204 0 93 190 32 48 113 237 152 124 59 78 32 54 237 135 25 222 90 71 220 240 169 74 91 107 162 76 53 193 34
78 287 93 0 273 91 131 196 320 235 207 142 43 115 65 320 218 108 305 173 50 303 323 252 157 26 190 245 159 54 276 117
225 44 190 273 0 212 160 97 77 64 86 147 258 180 234 77 67 185 62 118 251 60 80 33 134 271 109 56 124 233 33 168
43 226 32 91 212 0 70 135 259 174 146 81 76 54 52 259 157 47 244 112 69 242 262 191 96 89 129 184 98 51 215 56
83 174 48 131 160 70 0 83 207 122 94 29 116 38 92 207 105 43 192 60 109 190 210 139 44 129 77 132 46 91 163 26
148 111 113 196 97 135 83 0 144 59 31 70 181 103 157 144 42 108 129 41 174 127 147 76 57 194 32 69 47 156 100 91
272 47 237 320 77 259 207 144 0 111 133 194 305 227 281 30 114 232 25 165 298 39 33 80 181 318 156 103 171 280 56 215
187 78 152 235 64 174 122 59 111 0 48 109 220 142 196 111 29 147 96 80 213 94 114 43 96 233 71 36 86 195 67 130
159 100 124 207 86 146 94 31 133 48 0 81 192 114 168 133 31 119 118 52 185 116 136 65 68 205 43 58 58 167 89 102
94 161 59 142 147 81 29 70 194 109 81 0 127 49 103 194 92 54 179 47 120 177 197 126 31 140 64 119 33 102 150 37
63 272 78 43 258 76 116 181 305 220 192 127 0 100 50 305 203 93 290 158 35 288 308 237 142 41 175 230 144 39 261 102
67 194 32 115 180 54 38 103 227 142 114 49 100 0 76 227 125 27 212 80 93 210 230 159 64 113 97 152 66 75 183 24
39 248 54 65 234 52 92 157 281 196 168 103 50 76 0 281 179 69 266 134 43 264 284 213 118 63 151 206 120 25 237 78
272 47 237 320 77 259 207 144 30 111 133 194 305 227 281 0 114 232 25 165 298 39 21 80 181 318 156 103 171 280 56 215
170 81 135 218 67 157 105 42 114 29 31 92 203 125 179 114 0 130 99 63 196 97 117 46 79 216 54 39 69 178 70 113
60 199 25 108 185 47 43 108 232 147 119 54 93 27 69 232 130 0 217 85 86 215 235 164 69 106 102 157 71 68 188 29
257 32 222 305 62 244 192 129 25 96 118 179 290 212 266 25 99 217 0 150 283 24 28 65 166 303 141 88 156 265 41 200
125 132 90 173 118 112 60 41 165 80 52 47 158 80 134 165 63 85 150 0 151 148 168 97 34 171 35 90 24 133 121 68
56 265 71 50 251 69 109 174 298 213 185 120 35 93 43 298 196 86 283 151 0 281 301 230 135 48 168 223 137 32 254 95
255 30 220 303 60 242 190 127 39 94 116 177 288 210 264 39 97 215 24 148 281 0 42 63 164 301 139 86 154 263 39 198
275 50 240 323 80 262 210 147 33 114 136 197 308 230 284 21 117 235 28 168 301 42 0 83 184 321 159 106 174 283 59 218
204 47 169 252 33 191 139 76 80 43 65 126 237 159 213 80 46 164 65 97 230 63 83 0 113 250 88 35 103 212 36 147
109 148 74 157 134 96 44 57 181 96 68 31 142 64 118 181 79 69 166 34 135 164 184 113 0 155 51 106 20 117 137 52
76 285 91 26 271 89 129 194 318 233 205 140 41 113 63 318 216 106 303 171 48 301 321 250 155 0 188 243 157 52 274 115
142 123 107 190 109 129 77 32 156 71 43 64 175 97 151 156 54 102 141 35 168 139 159 88 51 188 0 81 41 150 112 85
197 70 162 245 56 184 132 69 103 36 58 119 230 152 206 103 39 157 88 90 223 86 106 35 106 243 81 0 96 205 59 140
111 138 76 159 124 98 46 47 171 86 58 33 144 66 120 171 69 71 156 24 137 154 174 103 20 157 41 96 0 119 127 54
38 247 53 54 233 51 91 156 280 195 167 102 39 75 25 280 178 68 265 133 32 263 283 212 117 52 150 205 119 0 236 77
228 23 193 276 33 215 163 100 56 67 89 150 261 183 237 56 70 188 41 121 254 39 59 36 137 274 112 59 127 236 0 171
69 182 34 117 168 56 26 91 215 130 102 37 102 24 78 215 113 29 200 68 95 198 218 147 52 115 85 140 54 77 171 0