28
25
0 12301 5516 1717 10589 4479 2566 7018 1766 8732 9660 3518 12532 12520 11282 12871 12666 6083 5647 1377 7306 1482 7361 12511 13094 3547 4533 7938
12301 0 8765 11460 3086 8252 11069 7121 12899 4331 4085 10157 2001 1989 2177 2340 2135 7380 7844 11230 6799 12615 5444 1980 2563 9924 9038 4627
5516 8765 0 4675 7053 1467 4284 3482 6114 5196 6124 3372 8996 8984 7746 9335 9130 2547 2111 4445 3770 5830 3825 8975 9558 3139 2253 4402
1717 11460 4675 0 9748 3638 1725 6177 2315 7891 8819 2677 11691 11679 10441 12030 11825 5242 4806 646 6465 2031 6520 11670 12253 2706 3692 7097
10589 3086 7053 9748 0 6540 9357 5409 11187 2619 2373 8445 3317 3305 2067 3656 3451 5668 6132 9518 5087 10903 3732 3296 3879 8212 7326 2915
4479 8252 1467 3638 6540 0 3247 2969 5077 4683 5611 2335 8483 8471 7233 8822 8617 2034 1598 3408 3257 4793 3312 8462 9045 2102 1216 3889
2566 11069 4284 1725 9357 3247 0 5786 3164 7500 8428 2286 11300 11288 10050 11639 11434 4851 4415 1495 6074 2880 6129 11279 11862 2315 3301 6706
7018 7121 3482 6177 5409 2969 5786 0 7616 3552 4480 4874 7352 7340 6102 7691 7486 2097 2561 5947 2126 7332 2181 7331 7914 4641 3755 2758
1766 12899 6114 2315 11187 5077 3164 7616 0 9330 10258 4116 13130 13118 11880 13469 13264 6681 6245 1975 7904 864 7959 13109 13692 4145 5131 8536
8732 4331 5196 7891 2619 4683 7500 3552 9330 0 1690 6588 4562 4550 3312 4901 4696 3811 4275 7661 3230 9046 1875 4541 5124 6355 5469 1058
9660 4085 6124 8819 2373 5611 8428 4480 10258 1690 0 7516 4316 4304 3066 4655 4450 4739 5203 8589 4158 9974 2803 4295 4878 7283 6397 1986
3518 10157 3372 2677 8445 2335 2286 4874 4116 6588 7516 0 10388 10376 9138 10727 10522 3939 3503 2447 5162 3832 5217 10367 10950 1403 2389 5794
12532 2001 8996 11691 3317 8483 11300 7352 13130 4562 4316 10388 0 1822 2408 2173 1968 7611 8075 11461 7030 12846 5675 1813 2396 10155 9269 4858
12520 1989 8984 11679 3305 8471 11288 7340 13118 4550 4304 10376 1822 0 2396 825 518 7599 8063 11449 7018 12834 5663 1467 946 10143 9257 4846
11282 2177 7746 10441 2067 7233 10050 6102 11880 3312 3066 9138 2408 2396 0 2747 2542 6361 6825 10211 5780 11596 4425 2387 2970 8905 8019 3608
12871 2340 9335 12030 3656 8822 11639 7691 13469 4901 4655 10727 2173 825 2747 0 971 7950 8414 11800 7369 13185 6014 1818 1399 10494 9608 5197
12666 2135 9130 11825 3451 8617 11434 7486 13264 4696 4450 10522 1968 518 2542 971 0 7745 8209 11595 7164 12980 5809 1613 648 10289 9403 4992
6083 7380 2547 5242 5668 2034 4851 2097 6681 3811 4739 3939 7611 7599 6361 7950 7745 0 1626 5012 2385 6397 2440 7590 8173 3706 2820 3017
5647 7844 2111 4806 6132 1598 4415 2561 6245 4275 5203 3503 8075 8063 6825 8414 8209 1626 0 4576 2849 5961 2904 8054 8637 3270 2384 3481
1377 11230 4445 646 9518 3408 1495 5947 1975 7661 8589 2447 11461 11449 10211 11800 11595 5012 4576 0 6235 1691 6290 11440 12023 2476 3462 6867
7306 6799 3770 6465 5087 3257 6074 2126 7904 3230 4158 5162 7030 7018 5780 7369 7164 2385 2849 6235 0 7620 1859 7009 7592 4929 4043 2436
1482 12615 5830 2031 10903 4793 2880 7332 864 9046 9974 3832 12846 12834 11596 13185 12980 6397 5961 1691 7620 0 7675 12825 13408 3861 4847 8252
7361 5444 3825 6520 3732 3312 6129 2181 7959 1875 2803 5217 5675 5663 4425 6014 5809 2440 2904 6290 1859 7675 0 5654 6237 4984 4098 1081
12511 1980 8975 11670 3296 8462 11279 7331 13109 4541 4295 10367 1813 1467 2387 1818 1613 7590 8054 11440 7009 12825 5654 0 2041 10134 9248 4837
13094 2563 9558 12253 3879 9045 11862 7914 13692 5124 4878 10950 2396 946 2970 1399 648 8173 8637 12023 7592 13408 6237 2041 0 10717 9831 5420
3547 9924 3139 2706 8212 2102 2315 4641 4145 6355 7283 1403 10155 10143 8905 10494 10289 3706 3270 2476 4929 3861 4984 10134 10717 0 2156 5561
4533 9038 2253 3692 7326 1216 3301 3755 5131 5469 6397 2389 9269 9257 8019 9608 9403 2820 2384 3462 4043 4847 4098 9248 9831 2156 0 4675
7938 4627 4402 7097 2915 3889 6706 2758 8536 1058 1986 5794 4858 4846 3608 5197 4992 3017 3481 6867 2436 8252 1081 4837 5420 5561 4675 0
